0.0
0.0
0.0
2.216385584592041E-15
3.8343414835596737E-16
-1.3746429490195535E-16
0.0
0.0
0.0
0.0
4.163336342344337E-17
4.253863739887002E-15
3.5455138712030503E-16
-1.93149214697323E-16
0.0
0.0
0.0
0.0
1.1102230246251565E-16
6.079369878538501E-15
9.393442681224255E-17
7.916401569016967E-17
0.0
0.0
0.0
0.0
0.0
6.331052707886476E-16
2.4062605120443145E-16
6.186205834272632E-16
0.0
0.0
0.0
0.0
-1.6653345369377348E-16
-6.293041790006761E-15
2.0354463808162414E-16
2.4018126553208625E-16
0.0
0.0
0.0
0.0
0.0
-4.1705200398530776E-15
1.1086347846356036E-16
-1.9576310325507085E-16
0.0
0.0
0.0
0.0
0.0
-2.3777797249053444E-15
8.622016408195174E-17
-2.740536949926428E-16
0.0
0.0
0.0
0.0
5.551115123125783E-17
1.3105538599997784E-15
1.3248049850624407E-16
-3.2351204146273713E-16
0.0
0.0
0.0
0.0
8.326672684688674E-17
4.092461104349398E-15
3.1127228012423535E-16
-9.701199092405845E-18
0.0
0.0
0.0
0.0
2.7755575615628914E-17
1.5045778418478953E-15
6.131671169616113E-16
9.380377598786785E-17
0.0
0.0
0.0
0.0
0.0
2.216385584592041E-15
3.8343414835596737E-16
-1.3746429490195535E-16
0.0
0.0
0.0
0.0
4.163336342344337E-17
4.253863739887002E-15
3.5455138712030503E-16
-1.93149214697323E-16
0.0
0.0
0.0
0.0
1.1102230246251565E-16
6.079369878538501E-15
9.393442681224255E-17
7.916401569016967E-17
0.0
0.0
0.0
0.0
0.0
6.331052707886476E-16
2.4062605120443145E-16
6.186205834272632E-16
0.0
0.0
0.0
0.0
1.3877787807814457E-17
-1.965505113484256E-15
2.3752602492817886E-16
-3.198692658503E-16
0.0
0.0
0.0
0.0
-6.245004513516506E-17
-9.520463024077043E-16
2.6029550211473535E-16
-5.0672940553827595E-17
0.0
0.0
0.0
0.0
1.1102230246251565E-16
3.5400818522497534E-15
1.2696440131443738E-16
2.1290049376119288E-16
0.0
0.0
0.0
0.0
0.0
-7.179280229741042E-16
1.418284301177902E-16
3.875472876049922E-16
0.0
0.0
0.0
0.0
0.0
-4.21086389985009E-15
-9.450530511158798E-17
2.0405250460764092E-16
0.0
0.0
0.0
0.0
0.0
-4.798978115126922E-15
1.0704722442445531E-16
-1.6918594545265926E-17
0.0
0.0
0.0
0.0
-3.469446951953614E-18
-3.872492008944771E-15
1.4683021337697622E-16
-1.388834295268953E-16
0.0
0.0
0.0
0.0
0.0
-2.0213095245890163E-15
3.009932515920168E-16
-1.8445376074459125E-16
0.0
0.0
0.0
0.0
1.1102230246251565E-16
-1.834167940529467E-16
5.009753251820929E-16
2.664061047412344E-16
0.0
0.0
0.0
0.0
-2.498001805406602E-16
-7.349431619413704E-15
2.323685108114904E-16
8.910441597156547E-17
0.0
0.0
0.0
0.0
1.3877787807814457E-17
-1.965505113484256E-15
2.3752602492817886E-16
-3.198692658503E-16
0.0
0.0
0.0
0.0
-6.245004513516506E-17
-9.520463024077043E-16
2.6029550211473535E-16
-5.0672940553827595E-17
0.0
0.0
0.0
0.0
1.1102230246251565E-16
3.5400818522497534E-15
1.2696440131443738E-16
2.1290049376119288E-16
0.0
0.0
0.0
0.0
0.0
-7.179280229741042E-16
1.418284301177902E-16
3.875472876049922E-16
0.0
0.0
0.0
0.0
-1.3877787807814457E-17
-2.534134913971536E-15
-8.583314505062687E-17
-1.90871591566335E-17
0.0
0.0
0.0
0.0
-5.551115123125783E-17
-2.761049191249242E-15
-1.0527235780832695E-16
1.1345713863885304E-17
0.0
0.0
0.0
0.0
0.0
-7.207264068916735E-16
5.35882832954027E-18
7.413684623377415E-17
0.0
0.0
0.0
0.0
0.0
-2.2034633315671565E-15
8.118816010680864E-17
1.8411046404416642E-16
0.0
0.0
0.0
0.0
0.0
-4.402935687775002E-15
2.2257553986457445E-18
2.0540005983875137E-16
0.0
0.0
0.0
0.0
-4.163336342344337E-17
-6.311464528342184E-15
5.683369385165555E-17
4.557241523349335E-17
0.0
0.0
0.0
0.0
0.0
-5.314383992444869E-15
9.306021340948135E-17
-8.010766782508132E-17
0.0
0.0
0.0
0.0
0.0
-4.7093111718405574E-15
1.4613121314646463E-16
3.063307034237958E-17
0.0
0.0
0.0
0.0
-1.1102230246251565E-16
-5.92704539929246E-15
1.8782211165361743E-16
-7.832593987293227E-17
0.0
0.0
0.0
0.0
5.551115123125783E-17
-3.142792374381912E-15
-2.834165457477773E-16
-1.6964552426604623E-16
0.0
0.0
0.0
0.0
-1.3877787807814457E-17
-2.534134913971536E-15
-8.583314505062687E-17
-1.90871591566335E-17
0.0
0.0
0.0
0.0
-5.551115123125783E-17
-2.761049191249242E-15
-1.0527235780832695E-16
1.1345713863885304E-17
0.0
0.0
0.0
0.0
0.0
-7.207264068916735E-16
5.35882832954027E-18
7.413684623377415E-17
0.0
0.0
0.0
0.0
0.0
-2.2034633315671565E-15
8.118816010680864E-17
1.8411046404416642E-16
0.0
0.0
0.0
0.0
-2.7755575615628914E-17
-2.488422124717188E-16
-4.907866631338759E-16
-5.1274933468772787E-17
0.0
0.0
0.0
0.0
-2.7755575615628914E-17
-6.556020350827029E-16
-3.6912824866011666E-16
2.8953038050538004E-17
0.0
0.0
0.0
0.0
-6.938893903907228E-18
-8.279029734824789E-16
-1.2257977769773516E-16
1.0464245063192791E-16
0.0
0.0
0.0
0.0
0.0
-2.341691225110277E-15
-3.77007863758129E-17
1.7137380171702628E-16
0.0
0.0
0.0
0.0
0.0
-4.2553790078230045E-15
-3.461352725229308E-17
1.7969803835248784E-16
0.0
0.0
0.0
0.0
-1.3877787807814457E-17
-5.9356519921600334E-15
-4.438735686503261E-17
7.391586346556967E-17
0.0
0.0
0.0
0.0
0.0
-5.733696277134398E-15
3.979296802259702E-17
-4.9585910232086224E-17
0.0
0.0
0.0
0.0
0.0
-4.943933787518309E-15
2.649275930743067E-18
-8.969186250045515E-17
0.0
0.0
0.0
0.0
0.0
-3.939859027125295E-15
-1.6751305827888887E-16
-1.6314165415300751E-16
0.0
0.0
0.0
0.0
0.0
-1.6811007044581586E-15
-2.190227577022887E-16
-1.845508407326788E-16
0.0
0.0
0.0
0.0
-2.7755575615628914E-17
-2.488422124717188E-16
-4.907866631338759E-16
-5.1274933468772787E-17
0.0
0.0
0.0
0.0
-2.7755575615628914E-17
-6.556020350827029E-16
-3.6912824866011666E-16
2.8953038050538004E-17
0.0
0.0
0.0
0.0
-6.938893903907228E-18
-8.279029734824789E-16
-1.2257977769773516E-16
1.0464245063192791E-16
0.0
0.0
0.0
0.0
0.0
-2.341691225110277E-15
-3.77007863758129E-17
1.7137380171702628E-16
0.0
0.0
0.0
0.0
1.6653345369377348E-16
7.281598348705982E-15
-3.871062936145317E-16
-1.6919265011446148E-16
0.0
0.0
0.0
0.0
-3.469446951953614E-18
4.621515781953091E-15
-5.881158190460842E-16
2.775364600821476E-16
0.0
0.0
0.0
0.0
0.0
1.7308691470630296E-15
-3.0188931704162264E-16
4.36552297637844E-16
0.0
0.0
0.0
0.0
0.0
-1.4494476040508985E-15
-7.479800066003209E-17
2.720767144896085E-16
0.0
0.0
0.0
0.0
0.0
-3.71066514272914E-15
-5.859172116697247E-17
1.9871348934953167E-16
0.0
0.0
0.0
0.0
0.0
-5.423717391041532E-15
-3.1395744964873027E-17
1.1997891050838346E-16
0.0
0.0
0.0
0.0
0.0
-6.110243352896809E-15
1.0784973961519627E-16
-3.3071035029305645E-17
0.0
0.0
0.0
0.0
0.0
-4.762296690455419E-15
-7.814019167200379E-18
-1.7667295595910631E-16
0.0
0.0
0.0
0.0
0.0
-2.576784233714683E-15
-8.63893506850493E-17
-2.99997973505964E-16
0.0
0.0
0.0
0.0
1.3010426069826053E-17
1.2376627796638616E-15
-1.4687838945577147E-16
-4.929191291210332E-16
0.0
0.0
0.0
0.0
1.6653345369377348E-16
7.281598348705982E-15
-3.871062936145317E-16
-1.6919265011446148E-16
0.0
0.0
0.0
0.0
-3.469446951953614E-18
4.621515781953091E-15
-5.881158190460842E-16
2.775364600821476E-16
0.0
0.0
0.0
0.0
0.0
1.7308691470630296E-15
-3.0188931704162264E-16
4.36552297637844E-16
0.0
0.0
0.0
0.0
0.0
-1.4494476040508985E-15
-7.479800066003209E-17
2.720767144896085E-16
0.0
0.0
0.0
0.0
0.0
7.493283659818916E-15
-1.8386642474425087E-16
-4.925123630590855E-16
0.0
0.0
0.0
0.0
8.673617379884035E-17
1.1106714345838982E-14
-7.218806697957199E-16
1.1417001462344707E-16
0.0
0.0
0.0
0.0
0.0
5.209883367349974E-15
-3.873692012431029E-16
4.169507435864275E-16
0.0
0.0
0.0
0.0
-5.551115123125783E-17
-8.457312119096352E-16
-1.7856593421200953E-16
4.146713975916764E-16
0.0
0.0
0.0
0.0
0.0
-3.0835445844835552E-15
-9.35596117906917E-17
2.231002940476469E-16
0.0
0.0
0.0
0.0
0.0
-5.307737092862573E-15
-6.106470240361082E-17
2.403573242477384E-16
0.0
0.0
0.0
0.0
-5.551115123125783E-17
-7.890691069438323E-15
1.532599984139722E-16
-2.6004184434413576E-17
0.0
0.0
0.0
0.0
2.7755575615628914E-17
-4.7876534041743014E-15
8.341213654845302E-17
-2.8393095280070075E-16
0.0
0.0
0.0
0.0
0.0
-2.212072013424309E-15
-2.335193583833645E-17
-3.0220602444157864E-16
0.0
0.0
0.0
0.0
-2.7755575615628914E-17
1.2564670846572711E-15
-3.3773033899360656E-17
-4.852677836621612E-16
0.0
0.0
0.0
0.0
0.0
7.493283659818916E-15
-1.8386642474425087E-16
-4.925123630590855E-16
0.0
0.0
0.0
0.0
8.673617379884035E-17
1.1106714345838982E-14
-7.218806697957199E-16
1.1417001462344707E-16
0.0
0.0
0.0
0.0
0.0
5.209883367349974E-15
-3.873692012431029E-16
4.169507435864275E-16
0.0
0.0
0.0
0.0
-5.551115123125783E-17
-8.457312119096352E-16
-1.7856593421200953E-16
4.146713975916764E-16
0.0
0.0
0.0
0.0
5.551115123125783E-17
1.0958926843591E-14
-1.4781721397997E-16
-8.573002860108207E-16
0.0
0.0
0.0
0.0
2.498001805406602E-16
1.905912917786749E-14
-4.618230966863717E-16
7.403368358329554E-17
0.0
0.0
0.0
0.0
2.7755575615628914E-17
9.478253171925089E-15
-2.0836300584491502E-16
4.4185278817008534E-16
0.0
0.0
0.0
0.0
0.0
2.121871080189292E-15
-1.5853692315421147E-16
5.658863039420198E-16
0.0
0.0
0.0
0.0
0.0
-1.839472906915306E-15
-7.601608938017383E-17
3.1621472115793037E-16
0.0
0.0
0.0
0.0
5.551115123125783E-17
-4.202423342969315E-15
4.992304883438472E-18
3.6679852071304736E-16
0.0
0.0
0.0
0.0
-1.1102230246251565E-16
-9.175443321176253E-15
-7.226869241672852E-17
1.1140580392275818E-16
0.0
0.0
0.0
0.0
-2.0816681711721685E-17
-6.430539421424479E-15
1.0747109422676835E-16
-3.5328489021141497E-16
0.0
0.0
0.0
0.0
0.0
-2.109745516947954E-15
-5.665749531738879E-17
-4.171831439537777E-16
0.0
0.0
0.0
0.0
-5.551115123125783E-17
1.9131234576510747E-15
-1.236032720645029E-16
-6.534336180269476E-16
0.0
0.0
0.0
0.0
5.551115123125783E-17
1.0958926843591E-14
-1.4781721397997E-16
-8.573002860108207E-16
0.0
0.0
0.0
0.0
2.498001805406602E-16
1.905912917786749E-14
-4.618230966863717E-16
7.403368358329554E-17
0.0
0.0
0.0
0.0
2.7755575615628914E-17
9.478253171925089E-15
-2.0836300584491502E-16
4.4185278817008534E-16
0.0
0.0
0.0
0.0
0.0
2.121871080189292E-15
-1.5853692315421147E-16
5.658863039420198E-16
0.0
0.0
0.0
0.0
0.0
1.0449627939418316E-14
1.780239375752459E-16
-8.307321876809544E-16
0.0
0.0
0.0
0.0
3.3306690738754696E-16
2.0343176279566418E-14
4.624221708186507E-16
5.3624222758502046E-17
0.0
0.0
0.0
0.0
0.0
9.377143484248275E-15
1.742771977040263E-16
4.0623103441218607E-16
0.0
0.0
0.0
0.0
0.0
2.325007251174594E-15
1.0635309297654145E-16
5.470183140564177E-16
0.0
0.0
0.0
0.0
0.0
-1.5632227968800787E-15
-5.696012745923063E-17
3.8662952208529683E-16
0.0
0.0
0.0
0.0
-5.551115123125783E-17
-5.4075831905313424E-15
-4.823705242202206E-17
2.441047212111837E-16
0.0
0.0
0.0
0.0
0.0
-6.445317221103753E-15
-2.772424110348039E-16
7.64746049089163E-17
0.0
0.0
0.0
0.0
-1.1102230246251565E-16
-6.9370752887096685E-15
-2.1849096229798522E-16
-2.68319755701361E-16
0.0
0.0
0.0
0.0
0.0
-1.078922107076533E-15
-1.8714586759348406E-16
-5.332803907328498E-16
0.0
0.0
0.0
0.0
0.0
3.728532525947329E-15
-1.1738746698314744E-16
-5.764275023247424E-16
0.0
0.0
0.0
0.0
0.0
1.0449627939418316E-14
1.780239375752459E-16
-8.307321876809544E-16
0.0
0.0
0.0
0.0
3.3306690738754696E-16
2.0343176279566418E-14
4.624221708186507E-16
5.3624222758502046E-17
0.0
0.0
0.0
0.0
0.0
9.377143484248275E-15
1.742771977040263E-16
4.0623103441218607E-16
0.0
0.0
0.0
0.0
0.0
2.325007251174594E-15
1.0635309297654145E-16
5.470183140564177E-16
0.0
0.0
0.0
0.0
0.0
7.398448092086082E-15
2.3732250428916126E-16
-2.774906482090226E-16
0.0
0.0
0.0
0.0
0.0
9.810685761494476E-15
7.10209741978401E-16
7.028694371207594E-17
0.0
0.0
0.0
0.0
0.0
5.992709217844563E-15
1.9791865478768353E-16
3.7018194357138096E-16
0.0
0.0
0.0
0.0
-1.1102230246251565E-16
-5.190779341536944E-18
-8.847928749699655E-17
3.346489787787628E-16
0.0
0.0
0.0
0.0
2.7755575615628914E-17
-7.002703577306935E-16
-7.116258293312357E-17
1.6162457575936687E-16
0.0
0.0
0.0
0.0
0.0
-3.2376822945288743E-15
-1.4129373223378138E-16
1.4651623713747414E-16
0.0
0.0
0.0
0.0
0.0
-3.630595100480176E-15
-2.1486142468990084E-16
-5.884810595320497E-17
0.0
0.0
0.0
0.0
6.938893903907228E-18
-2.060720175464775E-15
-3.782687867122767E-16
-2.6318834677009515E-16
0.0
0.0
0.0
0.0
0.0
1.633171834921727E-15
-3.5604754577541466E-16
-3.1607964863893994E-16
0.0
0.0
0.0
0.0
0.0
4.260872797314024E-15
-5.926890969355963E-17
-2.882638128582177E-16
0.0
0.0
0.0
0.0
0.0
7.398448092086082E-15
2.3732250428916126E-16
-2.774906482090226E-16
0.0
0.0
0.0
0.0
0.0
9.810685761494476E-15
7.10209741978401E-16
7.028694371207594E-17
0.0
0.0
0.0
0.0
0.0
5.992709217844563E-15
1.9791865478768353E-16
3.7018194357138096E-16
0.0
0.0
0.0
0.0
-1.1102230246251565E-16
-5.190779341536944E-18
-8.847928749699655E-17
3.346489787787628E-16
0.0
0.0
0.0
0.0
2.7755575615628914E-17
5.703177853635091E-15
2.59103125374702E-16
-6.125353600899371E-17
0.0
0.0
0.0
0.0
0.0
6.138981439998396E-15
2.778411010803737E-16
1.422037325702433E-17
0.0
0.0
0.0
0.0
0.0
5.418770388494604E-15
-4.333033034696922E-18
8.042924262602829E-17
0.0
0.0
0.0
0.0
1.1102230246251565E-16
4.094593001114525E-15
-3.191480250650923E-17
2.7793707633561056E-16
0.0
0.0
0.0
0.0
5.551115123125783E-17
-1.399711382176072E-16
2.7963857161380343E-16
3.3381507734851205E-16
0.0
0.0
0.0
0.0
0.0
-2.581708545855715E-15
4.6641887266210166E-17
1.0040587945440646E-16
0.0
0.0
0.0
0.0
0.0
-2.1480887273057363E-15
-6.264076877874158E-17
-1.6050044956957901E-16
0.0
0.0
0.0
0.0
0.0
6.28300445535865E-16
-1.6856370177322767E-16
-4.095058767868748E-16
0.0
0.0
0.0
0.0
1.3530843112619095E-16
6.0420288084317606E-15
-1.2296446347138356E-16
-2.1428051371413285E-16
0.0
0.0
0.0
0.0
2.7755575615628914E-17
4.913910719818522E-15
1.3781474777330643E-16
1.6942547739833487E-17
0.0
0.0
0.0
0.0
2.7755575615628914E-17
5.703177853635091E-15
2.59103125374702E-16
-6.125353600899371E-17
0.0
0.0
0.0
0.0
0.0
6.138981439998396E-15
2.778411010803737E-16
1.422037325702433E-17
0.0
0.0
0.0
0.0
0.0
5.418770388494604E-15
-4.333033034696922E-18
8.042924262602829E-17
0.0
0.0
0.0
0.0
1.1102230246251565E-16
4.094593001114525E-15
-3.191480250650923E-17
2.7793707633561056E-16
0.0
0.0
0.0
0.0
0.0
2.216385584592041E-15
3.8343414835596737E-16
-1.3746429490195535E-16
0.0
0.0
0.0
0.0
4.163336342344337E-17
4.253863739887002E-15
3.5455138712030503E-16
-1.93149214697323E-16
0.0
0.0
0.0
0.0
1.1102230246251565E-16
6.079369878538501E-15
9.393442681224255E-17
7.916401569016967E-17
0.0
0.0
0.0
0.0
0.0
6.331052707886476E-16
2.4062605120443145E-16
6.186205834272632E-16
0.0
0.0
0.0
0.0
-1.6653345369377348E-16
-6.293041790006761E-15
2.0354463808162414E-16
2.4018126553208625E-16
0.0
0.0
0.0
0.0
0.0
-4.1705200398530776E-15
1.1086347846356036E-16
-1.9576310325507085E-16
0.0
0.0
0.0
0.0
0.0
-2.3777797249053444E-15
8.622016408195174E-17
-2.740536949926428E-16
0.0
0.0
0.0
0.0
5.551115123125783E-17
1.3105538599997784E-15
1.3248049850624407E-16
-3.2351204146273713E-16
0.0
0.0
0.0
0.0
8.326672684688674E-17
4.092461104349398E-15
3.1127228012423535E-16
-9.701199092405845E-18
0.0
0.0
0.0
0.0
2.7755575615628914E-17
1.5045778418478953E-15
6.131671169616113E-16
9.380377598786785E-17
0.0
0.0
0.0
0.0
0.0
2.216385584592041E-15
3.8343414835596737E-16
-1.3746429490195535E-16
0.0
0.0
0.0
0.0
4.163336342344337E-17
4.253863739887002E-15
3.5455138712030503E-16
-1.93149214697323E-16
0.0
0.0
0.0
0.0
1.1102230246251565E-16
6.079369878538501E-15
9.393442681224255E-17
7.916401569016967E-17
0.0
0.0
0.0
0.0
0.0
6.331052707886476E-16
2.4062605120443145E-16
6.186205834272632E-16
0.0
0.0
0.0
0.0
1.3877787807814457E-17
-1.965505113484256E-15
2.3752602492817886E-16
-3.198692658503E-16
0.0
0.0
0.0
0.0
-6.245004513516506E-17
-9.520463024077043E-16
2.6029550211473535E-16
-5.0672940553827595E-17
0.0
0.0
0.0
0.0
1.1102230246251565E-16
3.5400818522497534E-15
1.2696440131443738E-16
2.1290049376119288E-16
0.0
0.0
0.0
0.0
0.0
-7.179280229741042E-16
1.418284301177902E-16
3.875472876049922E-16
0.0
0.0
0.0
0.0
0.0
-4.21086389985009E-15
-9.450530511158798E-17
2.0405250460764092E-16
0.0
0.0
0.0
0.0
0.0
-4.798978115126922E-15
1.0704722442445531E-16
-1.6918594545265926E-17
0.0
0.0
0.0
0.0
-3.469446951953614E-18
-3.872492008944771E-15
1.4683021337697622E-16
-1.388834295268953E-16
0.0
0.0
0.0
0.0
0.0
-2.0213095245890163E-15
3.009932515920168E-16
-1.8445376074459125E-16
0.0
0.0
0.0
0.0
1.1102230246251565E-16
-1.834167940529467E-16
5.009753251820929E-16
2.664061047412344E-16
0.0
0.0
0.0
0.0
-2.498001805406602E-16
-7.349431619413704E-15
2.323685108114904E-16
8.910441597156547E-17
0.0
0.0
0.0
0.0
1.3877787807814457E-17
-1.965505113484256E-15
2.3752602492817886E-16
-3.198692658503E-16
0.0
0.0
0.0
0.0
-6.245004513516506E-17
-9.520463024077043E-16
2.6029550211473535E-16
-5.0672940553827595E-17
0.0
0.0
0.0
0.0
1.1102230246251565E-16
3.5400818522497534E-15
1.2696440131443738E-16
2.1290049376119288E-16
0.0
0.0
0.0
0.0
0.0
-7.179280229741042E-16
1.418284301177902E-16
3.875472876049922E-16
0.0
0.0
0.0
0.0
-1.3877787807814457E-17
-2.534134913971536E-15
-8.583314505062687E-17
-1.90871591566335E-17
0.0
0.0
0.0
0.0
-5.551115123125783E-17
-2.761049191249242E-15
-1.0527235780832695E-16
1.1345713863885304E-17
0.0
0.0
0.0
0.0
0.0
-7.207264068916735E-16
5.35882832954027E-18
7.413684623377415E-17
0.0
0.0
0.0
0.0
0.0
-2.2034633315671565E-15
8.118816010680864E-17
1.8411046404416642E-16
0.0
0.0
0.0
0.0
0.0
-4.402935687775002E-15
2.2257553986457445E-18
2.0540005983875137E-16
0.0
0.0
0.0
0.0
-4.163336342344337E-17
-6.311464528342184E-15
5.683369385165555E-17
4.557241523349335E-17
0.0
0.0
0.0
0.0
0.0
-5.314383992444869E-15
9.306021340948135E-17
-8.010766782508132E-17
0.0
0.0
0.0
0.0
0.0
-4.7093111718405574E-15
1.4613121314646463E-16
3.063307034237958E-17
0.0
0.0
0.0
0.0
-1.1102230246251565E-16
-5.92704539929246E-15
1.8782211165361743E-16
-7.832593987293227E-17
0.0
0.0
0.0
0.0
5.551115123125783E-17
-3.142792374381912E-15
-2.834165457477773E-16
-1.6964552426604623E-16
0.0
0.0
0.0
0.0
-1.3877787807814457E-17
-2.534134913971536E-15
-8.583314505062687E-17
-1.90871591566335E-17
0.0
0.0
0.0
0.0
-5.551115123125783E-17
-2.761049191249242E-15
-1.0527235780832695E-16
1.1345713863885304E-17
0.0
0.0
0.0
0.0
0.0
-7.207264068916735E-16
5.35882832954027E-18
7.413684623377415E-17
0.0
0.0
0.0
0.0
0.0
-2.2034633315671565E-15
8.118816010680864E-17
1.8411046404416642E-16
0.0
0.0
0.0
0.0
-2.7755575615628914E-17
-2.488422124717188E-16
-4.907866631338759E-16
-5.1274933468772787E-17
0.0
0.0
0.0
0.0
-2.7755575615628914E-17
-6.556020350827029E-16
-3.6912824866011666E-16
2.8953038050538004E-17
0.0
0.0
0.0
0.0
-6.938893903907228E-18
-8.279029734824789E-16
-1.2257977769773516E-16
1.0464245063192791E-16
0.0
0.0
0.0
0.0
0.0
-2.341691225110277E-15
-3.77007863758129E-17
1.7137380171702628E-16
0.0
0.0
0.0
0.0
0.0
-4.2553790078230045E-15
-3.461352725229308E-17
1.7969803835248784E-16
0.0
0.0
0.0
0.0
-1.3877787807814457E-17
-5.9356519921600334E-15
-4.438735686503261E-17
7.391586346556967E-17
0.0
0.0
0.0
0.0
0.0
-5.733696277134398E-15
3.979296802259702E-17
-4.9585910232086224E-17
0.0
0.0
0.0
0.0
0.0
-4.943933787518309E-15
2.649275930743067E-18
-8.969186250045515E-17
0.0
0.0
0.0
0.0
0.0
-3.939859027125295E-15
-1.6751305827888887E-16
-1.6314165415300751E-16
0.0
0.0
0.0
0.0
0.0
-1.6811007044581586E-15
-2.190227577022887E-16
-1.845508407326788E-16
0.0
0.0
0.0
0.0
-2.7755575615628914E-17
-2.488422124717188E-16
-4.907866631338759E-16
-5.1274933468772787E-17
0.0
0.0
0.0
0.0
-2.7755575615628914E-17
-6.556020350827029E-16
-3.6912824866011666E-16
2.8953038050538004E-17
0.0
0.0
0.0
0.0
-6.938893903907228E-18
-8.279029734824789E-16
-1.2257977769773516E-16
1.0464245063192791E-16
0.0
0.0
0.0
0.0
0.0
-2.341691225110277E-15
-3.77007863758129E-17
1.7137380171702628E-16
0.0
0.0
