73.0968
24.0536
1
0.0324128
0.0106659
0
0
1
1
73.0968
24.0536
0
0
0
0
0
0
0
0
0
0
0
63.7417
55.0437
1
0.0209109
0.0180575
0
0
1
1
63.7417
55.0437
0
0
0
0
0
0
0
0
0
0
0
59.7545
33.3218
1
0.0358709
0.0200033
0
0
1
1
59.7545
33.3218
0
0
0
0
0
0
0
0
0
0
0
38.5189
98.4842
1
0.0658985
0.0308929
0
0
1
1
38.5189
98.4842
0
0
0
0
0
0
0
0
0
0
0
87.9183
94.1249
1
0.0909425
0.0144155
0
0
1
1
87.9183
94.1249
0
0
0
0
0
0
0
0
0
0
0
27.4954
12.8897
1
0.00742164
0.0444022
0
0
1
1
27.4954
12.8897
0
0
0
0
0
0
0
0
0
0
0
14.6602
2.32381
1
0.0112323
0.0212266
0
0
1
1
14.6602
2.32381
0
0
0
0
0
0
0
0
0
0
0
54.674
96.4487
1
0.0770125
0.047759
0
0
1
1
54.674
96.4487
0
0
0
0
0
0
0
0
0
0
0
10.4491
62.5146
1
0.0367322
0.00735744
0
0
1
1
10.4491
62.5146
0
0
0
0
0
0
0
0
0
0
0
41.0796
77.6312
1
0.0584998
0.000566805
0
0
1
1
41.0796
77.6312
0
0
0
0
0
0
0
0
0
0
0
99.0723
48.7233
1
0.0136253
0.0663978
0
0
1
1
99.0723
48.7233
0
0
0
0
0
0
0
0
0
0
0
74.6241
73.3152
1
0.0068871
0.0174705
0
0
1
1
74.6241
73.3152
0
0
0
0
0
0
0
0
0
0
0
81.7297
83.889
1
0.0428841
0.0125302
0
0
1
1
81.7297
83.889
0
0
0
0
0
0
0
0
0
0
0
52.6699
89.9335
1
0.00583554
0.0229185
0
0
1
1
52.6699
89.9335
0
0
0
0
0
0
0
0
0
0
0
13.394
8.30624
1
0.000564776
0.0404187
0
0
1
1
13.394
8.30624
0
0
0
0
0
0
0
0
0
0
0
97.8574
72.2357
1
0.00794482
0.0294531
0
0
1
1
97.8574
72.2357
0
0
0
0
0
0
0
0
0
0
0
71.5031
14.322
1
0.0157891
0.000237778
0
0
1
1
71.5031
14.322
0
0
0
0
0
0
0
0
0
0
0
46.2958
0.44856
1
0.00692741
0.0150038
0
0
1
1
46.2958
0.44856
0
0
0
0
0
0
0
0
0
0
0
7.14983
34.842
1
0.0213182
0.00411085
0
0
1
1
7.14983
34.842
0
0
0
0
0
0
0
0
0
0
0
33.877
85.9357
1
0.0308151
0.0322574
0
0
1
1
33.877
85.9357
0
0
0
0
0
0
0
0
0
0
0
97.1547
86.5746
1
0.00589706
0.00347005
0
0
1
1
97.1547
86.5746
0
0
0
0
0
0
0
0
0
0
0
61.2581
17.8988
1
0.0671297
0.00898581
0
0
1
1
61.2581
17.8988
0
0
0
0
0
0
0
0
0
0
0
21.757
85.4487
1
0.0988162
0.0401585
0
0
1
1
21.757
85.4487
0
0
0
0
0
0
0
0
0
0
0
0.96735
69.2293
1
0.0450373
0.0229522
0
0
1
1
0.96735
69.2293
0
0
0
0
0
0
0
0
0
0
0
77.1313
71.2687
1
0.00729734
0.0200227
0
0
1
1
77.1313
71.2687
0
0
0
0
0
0
0
0
0
0
0
21.1235
78.3092
1
0.112115
0.0219033
0
0
1
1
21.1235
78.3092
0
0
0
0
0
0
0
0
0
0
0
94.5333
1.42364
1
0.065063
0.0159485
0
0
1
1
94.5333
1.42364
0
0
0
0
0
0
0
0
0
0
0
39.4204
85.3791
1
0.0268444
0.00011608
0
0
1
1
39.4204
85.3791
0
0
0
0
0
0
0
0
0
0
0
78.6042
99.3472
1
0.023322
0.0402678
0
0
1
1
78.6042
99.3472
0
0
0
0
0
0
0
0
0
0
0
88.3104
17.0292
1
0.0129413
0.00390444
0
0
1
1
88.3104
17.0292
0
0
0
0
0
0
0
0
0
0
0
96.2069
72.4295
1
0.0204813
0.00100285
0
0
1
1
96.2069
72.4295
0
0
0
0
0
0
0
0
0
0
0
67.7354
80.4395
1
0.0238749
0.0183403
0
0
1
1
67.7354
80.4395
0
0
0
0
0
0
0
0
0
0
0
44.1427
46.2088
1
0.0262789
0.0270044
0
0
1
1
44.1427
46.2088
0
0
0
0
0
0
0
0
0
0
0
85.2827
50.1835
1
0.0289064
0.0376862
0
0
1
1
85.2827
50.1835
0
0
0
0
0
0
0
0
0
0
0
99.1943
96.927
1
0.0306389
0.0140478
0
0
1
1
99.1943
96.927
0
0
0
0
0
0
0
0
0
0
0
35.3106
4.72659
1
0.000660328
0.0397188
0
0
1
1
35.3106
4.72659
0
0
0
0
0
0
0
0
0
0
0
7.16236
2.91075
1
0.0102501
0.00835142
0
0
1
1
7.16236
2.91075
0
0
0
0
0
0
0
0
0
0
0
48.367
97.195
1
0.0306146
0.0506649
0
0
1
1
48.367
97.195
0
0
0
0
0
0
0
0
0
0
0
98.9117
76.7442
1
0.0180899
0.00332217
0
0
1
1
98.9117
76.7442
0
0
0
0
0
0
0
0
0
0
0
50.1397
25.5525
1
0.00113502
0.0768265
0
0
1
1
50.1397
25.5525
0
0
0
0
0
0
0
0
0
0
0
30.9158
84.8281
1
0.015583
0.00519368
0
0
1
1
30.9158
84.8281
0
0
0
0
0
0
0
0
0
0
0
5.20845
1.01755
1
0.0161802
0.0259375
0
0
1
1
5.20845
1.01755
0
0
0
0
0
0
0
0
0
0
0
35.3853
8.67379
1
0.039598
0.0342235
0
0
1
1
35.3853
8.67379
0
0
0
0
0
0
0
0
0
0
0
85.0312
0.36769
1
0.000724363
0.000798398
0
0
1
1
85.0312
0.36769
0
0
0
0
0
0
0
0
0
0
0
30.7893
53.1609
1
0.0407627
0.0248979
0
0
1
1
30.7893
53.1609
0
0
0
0
0
0
0
0
0
0
0
91.8814
27.721
1
0.0464958
0.00205862
0
0
1
1
91.8814
27.721
0
0
0
0
0
0
0
0
0
0
0
87.4262
60.9882
1
0.0128722
0.011775
0
0
1
1
87.4262
60.9882
0
0
0
0
0
0
0
0
0
0
0
90.8639
4.44906
1
0.0352303
0.0175693
0
0
1
1
90.8639
4.44906
0
0
0
0
0
0
0
0
0
0
0
64.6724
49.6804
1
0.0327012
0.00829
0
0
1
1
64.6724
49.6804
0
0
0
0
0
0
0
0
0
0
0
50.6702
52.0689
1
0.00641649
0.0373613
0
0
1
1
50.6702
52.0689
0
0
0
0
0
0
0
0
0
0
0
36.6361
47.7637
1
0.00814671
0.00271639
0
0
1
1
36.6361
47.7637
0
0
0
0
0
0
0
0
0
0
0
70.397
32.2768
1
0.0481681
0.0162804
0
0
1
1
70.397
32.2768
0
0
0
0
0
0
0
0
0
0
0
1.16548
70.1039
1
0.0066263
0.0397956
0
0
1
1
1.16548
70.1039
0
0
0
0
0
0
0
0
0
0
0
74.5353
60.7288
1
0.0213189
0.0333024
0
0
1
1
74.5353
60.7288
0
0
0
0
0
0
0
0
0
0
0
23.5082
38.9043
1
0.0346316
0.0539584
0
0
1
1
23.5082
38.9043
0
0
0
0
0
0
0
0
0
0
0
91.1468
16.7389
1
0.0107961
0.0316959
0
0
1
1
91.1468
16.7389
0
0
0
0
0
0
0
0
0
0
0
0.391353
26.4896
1
0.0245083
0.0711337
0
0
1
1
0.391353
26.4896
0
0
0
0
0
0
0
0
0
0
0
89.2817
29.7568
1
0.0364356
0.0575036
0
0
1
1
89.2817
29.7568
0
0
0
0
0
0
0
0
0
0
0
42.8904
68.7552
1
0.0348671
0.00214166
0
0
1
1
42.8904
68.7552
0
0
0
0
0
0
0
0
0
0
0
40.8496
35.3052
1
0.00211734
0.0219493
0
0
1
1
40.8496
35.3052
0
0
0
0
0
0
0
0
0
0
0
67.1759
74.0417
1
0.05156
0.00825925
0
0
1
1
67.1759
74.0417
0
0
0
0
0
0
0
0
0
0
0
89.4435
57.9958
1
0.0521204
0.00719888
0
0
1
1
89.4435
57.9958
0
0
0
0
0
0
0
0
0
0
0
51.0755
31.197
1
0.00422338
0.0211081
0
0
1
1
51.0755
31.197
0
0
0
0
0
0
0
0
0
0
0
54.0229
97.3108
1
0.0195491
0.0205117
0
0
1
1
54.0229
97.3108
0
0
0
0
0
0
0
0
0
0
0
73.0968
24.0536
1
0.0324128
0.0106659
0
0
1
-1
73.0968
24.0536
0
0
0
0
0
0
0
0
0
0
0
63.7417
55.0437
1
0.0209109
0.0180575
0
0
1
-1
63.7417
55.0437
0
0
0
0
0
0
0
0
0
0
0
59.7545
33.3218
1
0.0358709
0.0200033
0
0
1
-1
59.7545
33.3218
0
0
0
0
0
0
0
0
0
0
0
38.5189
98.4842
1
0.0658985
0.0308929
0
0
1
-1
38.5189
98.4842
0
0
0
0
0
0
0
0
0
0
0
87.9183
94.1249
1
0.0909425
0.0144155
0
0
1
-1
87.9183
94.1249
0
0
0
0
0
0
0
0
0
0
0
27.4954
12.8897
1
0.00742164
0.0444022
0
0
1
-1
27.4954
12.8897
0
0
0
0
0
0
0
0
0
0
0
14.6602
2.32381
1
0.0112323
0.0212266
0
0
1
-1
14.6602
2.32381
0
0
0
0
0
0
0
0
0
0
0
54.674
96.4487
1
0.0770125
0.047759
0
0
1
-1
54.674
96.4487
0
0
0
0
0
0
0
0
0
0
0
10.4491
62.5146
1
0.0367322
0.00735744
0
0
1
-1
10.4491
62.5146
0
0
0
0
0
0
0
0
0
0
0
41.0796
77.6312
1
0.0584998
0.000566805
0
0
1
-1
41.0796
77.6312
0
0
0
0
0
0
0
0
0
0
0
99.0723
48.7233
1
0.0136253
0.0663978
0
0
1
-1
99.0723
48.7233
0
0
0
0
0
0
0
0
0
0
0
74.6241
73.3152
1
0.0068871
0.0174705
0
0
1
-1
74.6241
73.3152
0
0
0
0
0
0
0
0
0
0
0
81.7297
83.889
1
0.0428841
0.0125302
0
0
1
-1
81.7297
83.889
0
0
0
0
0
0
0
0
0
0
0
52.6699
89.9335
1
0.00583554
0.0229185
0
0
1
-1
52.6699
89.9335
0
0
0
0
0
0
0
0
0
0
0
13.394
8.30624
1
0.000564776
0.0404187
0
0
1
-1
13.394
8.30624
0
0
0
0
0
0
0
0
0
0
0
97.8574
72.2357
1
0.00794482
0.0294531
0
0
1
-1
97.8574
72.2357
0
0
0
0
0
0
0
0
0
0
0
71.5031
14.322
1
0.0157891
0.000237778
0
0
1
-1
71.5031
14.322
0
0
0
0
0
0
0
0
0
0
0
46.2958
0.44856
1
0.00692741
0.0150038
0
0
1
-1
46.2958
0.44856
0
0
0
0
0
0
0
0
0
0
0
7.14983
34.842
1
0.0213182
0.00411085
0
0
1
-1
7.14983
34.842
0
0
0
0
0
0
0
0
0
0
0
33.877
85.9357
1
0.0308151
0.0322574
0
0
1
-1
33.877
85.9357
0
0
0
0
0
0
0
0
0
0
0
97.1547
86.5746
1
0.00589706
0.00347005
0
0
1
-1
97.1547
86.5746
0
0
0
0
0
0
0
0
0
0
0
61.2581
17.8988
1
0.0671297
0.00898581
0
0
1
-1
61.2581
17.8988
0
0
0
0
0
0
0
0
0
0
0
21.757
85.4487
1
0.0988162
0.0401585
0
0
1
-1
21.757
85.4487
0
0
0
0
0
0
0
0
0
0
0
0.96735
69.2293
1
0.0450373
0.0229522
0
0
1
-1
0.96735
69.2293
0
0
0
0
0
0
0
0
0
0
0
77.1313
71.2687
1
0.00729734
0.0200227
0
0
1
-1
77.1313
71.2687
0
0
0
0
0
0
0
0
0
0
0
21.1235
78.3092
1
0.112115
0.0219033
0
0
1
-1
21.1235
78.3092
0
0
0
0
0
0
0
0
0
0
0
94.5333
1.42364
1
0.065063
0.0159485
0
0
1
-1
94.5333
1.42364
0
0
0
0
0
0
0
0
0
0
0
39.4204
85.3791
1
0.0268444
0.00011608
0
0
1
-1
39.4204
85.3791
0
0
0
0
0
0
0
0
0
0
0
78.6042
99.3472
1
0.023322
0.0402678
0
0
1
-1
78.6042
99.3472
0
0
0
0
0
0
0
0
0
0
0
88.3104
17.0292
1
0.0129413
0.00390444
0
0
1
-1
88.3104
17.0292
0
0
0
0
0
0
0
0
0
0
0
96.2069
72.4295
1
0.0204813
0.00100285
0
0
1
-1
96.2069
72.4295
0
0
0
0
0
0
0
0
0
0
0
67.7354
80.4395
1
0.0238749
0.0183403
0
0
1
-1
67.7354
80.4395
0
0
0
0
0
0
0
0
0
0
0
44.1427
46.2088
1
0.0262789
0.0270044
0
0
1
-1
44.1427
46.2088
0
0
0
0
0
0
0
0
0
0
0
85.2827
50.1835
1
0.0289064
0.0376862
0
0
1
-1
85.2827
50.1835
0
0
0
0
0
0
0
0
0
0
0
99.1943
96.927
1
0.0306389
0.0140478
0
0
1
-1
99.1943
96.927
0
0
0
0
0
0
0
0
0
0
0
35.3106
4.72659
1
0.000660328
0.0397188
0
0
1
-1
35.3106
4.72659
0
0
0
0
0
0
0
0
0
0
0
7.16236
2.91075
1
0.0102501
0.00835142
0
0
1
-1
7.16236
2.91075
0
0
0
0
0
0
0
0
0
0
0
48.367
97.195
1
0.0306146
0.0506649
0
0
1
-1
48.367
97.195
0
0
0
0
0
0
0
0
0
0
0
98.9117
76.7442
1
0.0180899
0.00332217
0
0
1
-1
98.9117
76.7442
0
0
0
0
0
0
0
0
0
0
0
50.1397
25.5525
1
0.00113502
0.0768265
0
0
1
-1
50.1397
25.5525
0
0
0
0
0
0
0
0
0
0
0
30.9158
84.8281
1
0.015583
0.00519368
0
0
1
-1
30.9158
84.8281
0
0
0
0
0
0
0
0
0
0
0
5.20845
1.01755
1
0.0161802
0.0259375
0
0
1
-1
5.20845
1.01755
0
0
0
0
0
0
0
0
0
0
0
35.3853
8.67379
1
0.039598
0.0342235
0
0
1
-1
35.3853
8.67379
0
0
0
0
0
0
0
0
0
0
0
85.0312
0.36769
1
0.000724363
0.000798398
0
0
1
-1
85.0312
0.36769
0
0
0
0
0
0
0
0
0
0
0
30.7893
53.1609
1
0.0407627
0.0248979
0
0
1
-1
30.7893
53.1609
0
0
0
0
0
0
0
0
0
0
0
91.8814
27.721
1
0.0464958
0.00205862
0
0
1
-1
91.8814
27.721
0
0
0
0
0
0
0
0
0
0
0
87.4262
60.9882
1
0.0128722
0.011775
0
0
1
-1
87.4262
60.9882
0
0
0
0
0
0
0
0
0
0
0
90.8639
4.44906
1
0.0352303
0.0175693
0
0
1
-1
90.8639
4.44906
0
0
0
0
0
0
0
0
0
0
0
64.6724
49.6804
1
0.0327012
0.00829
0
0
1
-1
64.6724
49.6804
0
0
0
0
0
0
0
0
0
0
0
50.6702
52.0689
1
0.00641649
0.0373613
0
0
1
-1
50.6702
52.0689
0
0
0
0
0
0
0
0
0
0
0
36.6361
47.7637
1
0.00814671
0.00271639
0
0
1
-1
36.6361
47.7637
0
0
0
0
0
0
0
0
0
0
0
70.397
32.2768
1
0.0481681
0.0162804
0
0
1
-1
70.397
32.2768
0
0
0
0
0
0
0
0
0
0
0
1.16548
70.1039
1
0.0066263
0.0397956
0
0
1
-1
1.16548
70.1039
0
0
0
0
0
0
0
0
0
0
0
74.5353
60.7288
1
0.0213189
0.0333024
0
0
1
-1
74.5353
60.7288
0
0
0
0
0
0
0
0
0
0
0
23.5082
38.9043
1
0.0346316
0.0539584
0
0
1
-1
23.5082
38.9043
0
0
0
0
0
0
0
0
0
0
0
91.1468
16.7389
1
0.0107961
0.0316959
0
0
1
-1
91.1468
16.7389
0
0
0
0
0
0
0
0
0
0
0
0.391353
26.4896
1
0.0245083
0.0711337
0
0
1
-1
0.391353
26.4896
0
0
0
0
0
0
0
0
0
0
0
89.2817
29.7568
1
0.0364356
0.0575036
0
0
1
-1
89.2817
29.7568
0
0
0
0
0
0
0
0
0
0
0
42.8904
68.7552
1
0.0348671
0.00214166
0
0
1
-1
42.8904
68.7552
0
0
0
0
0
0
0
0
0
0
0
40.8496
35.3052
1
0.00211734
0.0219493
0
0
1
-1
40.8496
35.3052
0
0
0
0
0
0
0
0
0
0
0
67.1759
74.0417
1
0.05156
0.00825925
0
0
1
-1
67.1759
74.0417
0
0
0
0
0
0
0
0
0
0
0
89.4435
57.9958
1
0.0521204
0.00719888
0
0
1
-1
89.4435
57.9958
0
0
0
0
0
0
0
0
0
0
0
51.0755
31.197
1
0.00422338
0.0211081
0
0
1
-1
51.0755
31.197
0
0
0
0
0
0
0
0
0
0
0
54.0229
97.3108
1
0.0195491
0.0205117
0
0
1
-1
54.0229
97.3108
0
0
0
0
0
0
0
0
0
0
0
